"","CAF","TEC","T cell","B cell","TAM","HPC-like","Malignant cell"
"GACCAGGTCATTCATA-1",0.0766822562113213,0.0696226050822947,0.0306269418154934,0.0144897765089877,0.093947336600592,0.113931011100792,0.600700072680519
"ACGCCCAGCTGTCGAT-1",0.098780397966495,0.0526259136482376,0.0555910862978642,0.0161602397949693,0.105575920054578,0.0840141455141553,0.587252296723701
"CCTCGACCCACTGCCT-1",0.0733142115811333,0.0765730626583957,0.051439274411932,0.016654869343664,0.0961808491944507,0.122245684635092,0.563592048175332
"TCAGTTACGGAATGAT-1",0.0653083594431315,0.0572588861895908,0.0175113805357936,0.0114387286375355,0.0916988022095655,0.178288270331213,0.57849557265317
"TCGGCTAACTTCCCTT-1",0.0620550989434227,0.0501558859289063,0.0159730401527812,0.0126052875020523,0.0597588522537712,0.178520486989985,0.620931348229081
"ACGTGGTCGAATGTGC-1",0.0378041823973302,0.0193808011033197,0,0.0103773903066242,0.07481384784778,0.370221871122948,0.487395925636792
"ATATCGTGCCAGACCC-1",0.0355003582952023,0.0571216525775499,0,0.0107346281448978,0.058397138298447,0.304416580705771,0.533829460092993
"AGCTTATAGAGACCTG-1",0.0357659866374489,0.0583976032453737,0.0405023859962534,0.00557120204039259,0.0640250101664084,0.0851230183417295,0.710614793572394
"TTATAGATGCACATTA-1",0.0762565154681632,0.0530334854291111,0.00848345313821851,0.00623514505180113,0.0972345810132379,0.0628768203279425,0.695879999571526
"TATTCCGGCAGTCCTA-1",0.0421375245133525,0.0281610916717071,0.0120075859246507,0.00651345623257268,0.0818781518776226,0.123817650316842,0.705484539463252
"ATGTGTAGTTTAGTCA-1",0.0489147826526123,0.0525375470549894,0.00899857586397295,0.0115951735240288,0.0521733451156049,0.146674921227953,0.679105654560839
"AAGTTTACTAATGGCA-1",0.0436509898791544,0.0366996472708772,0.00590347837876189,0.00950600184995783,0.063782507053147,0.0980712272582806,0.742386148309821
"GATTGACACTCTGCTC-1",0.0534215392478457,0.0433408024804336,0,0.00612219095235413,0.0553900390904947,0.11232944533625,0.729395980098175
"ACCGTTCCCGCTCTGA-1",0.0469999703473396,0.0287163312811304,0,0.011749701385795,0.054281946638588,0.0983486585093393,0.759903094490084
"CCGCCACCACAATCCA-1",0.0825127320254768,0.0683148167912041,0.030040522253441,0.0117019637436428,0.0937557673912672,0.136906588176407,0.576767609618561
"CATTCACTGACAGCTA-1",0.0715234147829819,0.0611223586195247,0.00325146057441495,0.0148794341483854,0.0425938875878143,0.0890626545261963,0.717566789760682
"CGGCTGCAAGATTAAG-1",0.0711822553204914,0.0742643252490275,0.0556625250288126,0.013136973470543,0.0757881328816277,0.134538917907696,0.575426870141802
"CATGAACCTCTTATCA-1",0.0996651581199787,0.0581224470310821,0.0304957142109535,0.0183539621433704,0.103201034863055,0.0951363239176441,0.595025359713916
"TTAATGCGAGGTAACT-1",0.0946508754222396,0.0593848304358495,0.0455218524288908,0.0618825837044196,0.099923228886906,0.0692489956842849,0.56938763343741
"AATAAGTCCTCGAGAC-1",0.129450014324788,0.0835647640556858,0.0567299770021484,0.0184717935996331,0.133341359015299,0.0479351238294172,0.530506968173029
"ACCAGCCCGGTCTTTG-1",0.0975890978420024,0.0539524108690028,0.0315594598516363,0.0244830436128374,0.125034842426351,0.0775249941947244,0.589856151203446
"CTACGAACTAGGTCGA-1",0.0904873789005805,0.0551162261033881,0.0762570474325168,0.0385832749335673,0.0955012462694515,0.0502786864750131,0.593776139885483
"ACATCTCAACGCGTAA-1",0.0675478427847715,0.0425717400715321,0.0143251512427418,0.0152504111655126,0.11368920744022,0.0855776136332725,0.66103803366195
"CACTACTCAGTTCTGT-1",0.0489853284417764,0.0446505829666847,0.0168645674422322,0.0121948339585253,0.0720184526153251,0.0940614091262351,0.711224825449221
"CCGACTCGCATAGTCT-1",0.0612173840315885,0.0433467592683482,0.00397906427756172,0.0114420707736096,0.041877950238429,0.173497978096704,0.664638793313759
"CATTTATCGTTCAAGA-1",0.0394454362913329,0.0413014095741509,0,0.0143382280753852,0.0405324961822258,0.225071455191671,0.639309459843461
"CAAACGTGGTCTTGCG-1",0.0580669345035084,0.062650089012966,0.0073309582834877,0.00826165417638735,0.0477267660427226,0.139535469197201,0.676428128783728
"TAGAAACCACTAAGTA-1",0.0311211051847282,0.0460328902321651,0.0186784600691533,0.010869734033724,0.0744465645891529,0.115304723128864,0.703546522762213
"TCGTATTTCGTCCGGA-1",0.013371338592935,0.0413903218162125,0,0.00948259447414648,0.0437108877285596,0.16218886766377,0.729855986824489
"GATGTCCGGATCACAT-1",0.0597461392833948,0.0497405669135836,0.0160869115398633,0.0130398566661057,0.0583551511559473,0.142232570441889,0.660798803999216
"TTAAGGATACGGAGGT-1",0.0385347455394317,0.0509043170027089,0,0.0108386686920429,0.0576048462613965,0.144531809729299,0.697585054012266
"TGGCGGTGTGCGATTG-1",0.0491924075457433,0.0790661284065982,0.0248222461466106,0.00979314995147843,0.0819235652487032,0.134307488608099,0.620895014092767
"ATCCTGCTGCAGATAG-1",0.0352759901408211,0.0468572438607018,0.0132283605132422,0.00756189448780208,0.0986046969017376,0.155229059519319,0.643242754576376
"TTATGCGTCCCGGTCC-1",0.0239316801294182,0.0278471390119876,0,0.00626237620487218,0.0973544217559271,0.0794563916029144,0.765147988552999
"CATAATGAGCGGGCGA-1",0.0471701256206947,0.025533901988935,0.0144913388317738,0.00552435112061086,0.0741102701207012,0.0661715026119172,0.766998509705367
"AGACATAGATCCTTCC-1",0.027114254689527,0.0474631993476075,0.0184188148015473,0.00419478517661468,0.0553070288567757,0.0624185567434054,0.785083360384522
"GGTGAAACCGGGAATG-1",0.0378670128331724,0.0573809024117083,0.0595053180280555,0.00396148090290974,0.048491186618438,0.025081314139635,0.767712785066081
"AACTGGTGTGGGCCTT-1",0.045003156761347,0.04390084911751,0.00768944954857835,0.00572025285807638,0.0561505710833196,0.133006150726081,0.708529569905087
"GTAGCGCTGTTGTAGT-1",0.0786338101093144,0.0810416024332585,0.0228820513803216,0.00635112344046038,0.0378372275409117,0.0427463516034855,0.730507833492248
"TTGTTTGTGTAAATTC-1",0.0390045682371477,0.0637420222957085,0.0149740947337452,0.006445334712351,0.043340161843547,0.0604980908550422,0.771995727322458
"GGATCAAAGGACGAGG-1",0.0369250040420429,0.10517830633074,0.0140744516730184,0.00449369262840109,0.0429319372586482,0.0359179732396108,0.760478634827538
"CGTAGCGCCGACGTTG-1",0.0374509676472572,0.0637670245800203,0.0260666934485677,0.00494911247623781,0.0690504042378775,0.0846585060760551,0.714057291533984
"CAAGTGAACTTTGGTT-1",0.0461589235945177,0.0608997733537898,0.0208130238857789,0.00567926719881826,0.0790683075949922,0.0441015290491579,0.743279175322945
"GTAGACAACCGATGAA-1",0.0667672800124882,0.0437812240041438,0.0182665354081686,0.00694417531334316,0.0642610809741093,0.0470926147269711,0.752887089560776
"CAATGGTCGGCCTGGG-1",0.0364847631511097,0.0567126163108293,0.0207308663406959,0.00603194962595336,0.055910470608159,0.0541797884092416,0.769949545554011
"ACAGATTAGGTTAGTG-1",0.061035486718529,0.0409204343694297,0.00307141970352467,0.00566794508439679,0.0597348686773282,0.0656948668496077,0.763874978597184
"GTTATCACCTTCTGAA-1",0.0352893805969299,0.0339001804605034,0.014448474412152,0.00723663002371901,0.0493343317391345,0.0704175270053805,0.789373475762181
"TGGTATCGGTCTGTAT-1",0.0456306634177758,0.0578485636642232,0.00627950891887688,0.00857693508094917,0.0506842103086808,0.0790487492607531,0.751931369348741
"GGAATAACCTCAAGAA-1",0.0480680879303793,0.0657705146190557,0.0171674645421599,0.00882414768367933,0.0494145294728136,0.0745641615128784,0.736191094239034
"ATTATCTCGACAGATC-1",0.029043683235118,0.038318873180482,0.00405671667656043,0.0075878777663552,0.058110379124312,0.0977041447115011,0.765178325305671
"CCGAGGGATGTTAGGC-1",0.033932438227084,0.0339913817176389,0,0.00845647727971635,0.0485857267126448,0.0749591045681556,0.800074868685423
"TGAGATCAAATACTCA-1",0.0185959246439848,0.0382804963809113,0.0335977908784995,0.00835915680709493,0.061498276719591,0.0865738192198814,0.753094535350037
"AAACGAAGAACATACC-1",0.0865694006386003,0.0436050686785634,0.0266463022584161,0.00808068924438544,0.0578423479482607,0.0834916467601157,0.693764544471658
"CTGGTCCTAACTTGGC-1",0.0670901200259014,0.0359647985858649,0.0122985845524524,0.00916028435332769,0.0451062494974012,0.123404188664804,0.706975774320248
"TGCACGAGTCGGCAGC-1",0.0433391114901694,0.0407970606300228,0,0.0101126154335777,0.0578441968598685,0.0953376084992834,0.752569404196306
"ATAGTCTTTGACGTGC-1",0.0482520237708707,0.0444494688297364,0.0108978754546983,0.0111623137427882,0.0553812342260894,0.135608137319871,0.694248946655946
"TGGAGCTAAAGTTCCC-1",0.0643664708871797,0.0529153132967814,0.021849142873096,0.0105245679523868,0.0877955100314584,0.100684096550814,0.661864898408284
"GGGTGGTCCAGCCTGT-1",0.0575206482799856,0.0349413176294216,0.0104221034979246,0.00788796168189326,0.0555677996549717,0.107279927296791,0.726380241959012
"CATGCATGGAGACCCT-1",0.0908211008988016,0.0616030177750528,0.0337023892159149,0.00472587804624375,0.117346858672034,0.0730347231373218,0.618766032254632
"ACACGGCACTATGCAT-1",0.049192817609104,0.0512045408789197,0.0410079021807202,0.00769988147767636,0.077610368097277,0.136968614450135,0.636315875306168
"CCCTGGTATGGGCGGC-1",0.109954414487701,0.0477078694648043,0.0367230609292708,0.00989289590794631,0.101809521992377,0.0906207545662642,0.603291482651636
"GGAGGATTGAAAGGAG-1",0.0535572814274256,0.0573268786436098,0.00932221868761432,0.0108388807332246,0.0674252538798326,0.118002602838286,0.683526883790007
"CCGCTGGTGCCATTCA-1",0.075085730046824,0.0446039040845669,0.00503982342482976,0.0122649562417933,0.0587069485550787,0.119633780650865,0.684664856996042
"GTTAGAGTGTGCCGCT-1",0.0444675815968513,0.0232077305089297,0.0276851903507289,0.0104706787154798,0.0474733560535352,0.106712551268585,0.73998291150589
"TCGGAATGACCATCAA-1",0.0595779481274403,0.036014436155222,0.0191492942760819,0.0111652546403438,0.046952518908771,0.124464174358422,0.702676373533719
"TTCAATTAGCCATAAT-1",0.0533871952095081,0.0575041216438108,0.00334743574266165,0.015981370656416,0.0454747342976649,0.110733112927665,0.713572029522273
"GATGTGTTGTCACAAG-1",0.0818142886048561,0.0570219819337455,0,0.011399133092924,0.0632272916995178,0.087607259470382,0.698930018823058
"TCTTTCTCTTAAGGAG-1",0.071247671381101,0.0276589320482974,0.0280749910743964,0.0102669764511855,0.0395143091102581,0.135312007349467,0.687925112585294
"ACCCTTTAGTTCTCCA-1",0.0326074560879318,0.0498532798817383,0.0223095211177553,0.00794661896064971,0.01981926435863,0.109625720000151,0.757838139593144
"ACCACAACTCAGAACA-1",0.0455960126300524,0.0332362437268994,0.00542084333390306,0.100190171539798,0.0321780501994775,0.115253831368521,0.668124847201349
"TATGATAAATCTAACG-1",0.0204337163763464,0.0383554587080418,0.00143163310506081,0.0184917442750806,0.0470437811189765,0.164196252377349,0.710047414039145
"GATCCTCTTGCGCTTA-1",0.0497169845081728,0.0243053669288429,0.0526011292018172,0.0183170692214426,0.0201164768297252,0.101722034001257,0.733220939308742
"TGCTTGAAACCATGCA-1",0.0536050473570441,0.0631984757219855,0.0171177207429152,0.0104412414998766,0.0380029306400248,0.141734544928884,0.67590003910927
"CAATATTGGACTAGTG-1",0.057827940355525,0.0607526417956316,0.024920954261597,0.0105924488437242,0.046882855065306,0.105666085343172,0.693357074335044
"CGTGCTGGCCTAGTCG-1",0.0512045846378739,0.0531052933121698,0.00659156490107393,0.00739659033049932,0.0596007683279706,0.0963638384951666,0.725737359995246
"CCTGCGATAGAACTGT-1",0.0656828556814062,0.071685518071821,0.0171448507620661,0.0098791878207552,0.0754462654357661,0.101507922546635,0.658653399681551
"GGGTAATGCTGTGTTT-1",0.0924721385655115,0.0831921837266201,0.0651352418042218,0.0209887466782443,0.086910407855315,0.0724180178683576,0.57888326350173
"AACGCGAACGGCAACA-1",0.103472998810345,0.0572429637756413,0.0787405394894161,0.0234859269201551,0.0712007358801816,0.0698401731651171,0.596016661959144
"TGTCGGCATGGTGGAA-1",0.0439729122936489,0.0937810212120984,0.0279915457482812,0.00835416164176993,0.0304552928292133,0.0220678908592595,0.773377175415729
"AGCGTACGAGAGCTAG-1",0.0715797118412086,0.085099257149544,0.0436636126669495,0.012956298715244,0.0774872960738177,0.0743251909249869,0.634888632628249
"ATACTCTCGCCACTCT-1",0.0685585730627913,0.0725570873152363,0.0241472594376656,0.010014897894337,0.0604388651625125,0.0795433537933767,0.684739963334081
"AATCCATGCAAGGGTG-1",0.0572261105089714,0.0782782681260224,0.024378291045332,0.0106194237995065,0.0552337051988771,0.103526989389084,0.670737211932206
"TTAAACAGAGTCCCGC-1",0.053533510120642,0.0460806177413481,0.00721376453043894,0.00751606406902232,0.0467681524675904,0.132804527994495,0.706083363076463
"CCACAGCTGAAATCAT-1",0.0379742272532251,0.0631214878060713,0.01165149922811,0.011350112861232,0.0502281850694314,0.125601164358641,0.700073323423289
"CGGTTCCGGCTTCTTG-1",0.0358684734629369,0.0517113985613544,0.00890498447878941,0.0100023991430714,0.0488322957608273,0.118359597763258,0.726320850829763
"GACGTGAGACTCCATG-1",0.067287849094136,0.0482897836357436,0.0118102914953308,0.0119385535575233,0.0567631143276833,0.125964753375185,0.677945654514398
"TCGTTGGCTCGTCAAT-1",0.0414220913985697,0.0367416628183711,0.0130695985822925,0.0093095306876684,0.0327113906581413,0.122370791809124,0.744374934045833
"GGTGAACGGGCTAGCC-1",0.0441018623868711,0.0403772583906674,0.0379648159825651,0.0121402934907482,0.0398274610003193,0.155487885908428,0.670100422840401
"GCACTGTGCAAATGTA-1",0.0400490920692127,0.0454853740595644,0.00530743144820586,0.00935979862864089,0.0374411317125753,0.135574841187284,0.726782330894517
"ACGAGAACCCATCACG-1",0.0463677389381721,0.0351129217096633,0.0183696265741134,0.00796534879562576,0.0408386549701445,0.173488614672124,0.677857094340157
"CCAGCTACGCCTCATA-1",0.0406996913685948,0.0375778417797884,0.0209365382019089,0.0106700665557556,0.0493623823780421,0.171594703358388,0.669158776357522
"TCCCGGTCAGGAATTT-1",0.0448658450893398,0.0397719021954469,0,0.0114021685578875,0.0452712065467752,0.123472075912886,0.735216616443622
"TCGCATTCAATGACTT-1",0.0180671606195364,0.0371012643356941,0.0134471571970439,0.00947627280268374,0.0313272251824849,0.0853351896626643,0.805245730199893
"CTGGTTCAACGCATCA-1",0.0596006988583847,0.0461355460679352,0.00708944712131337,0.0115768194818017,0.059555572809923,0.143714385163064,0.672327530497578
"GGTGATTTCATCTTGT-1",0.0543994396637647,0.0758448766079796,0.0212407153751383,0.0148088267601483,0.0562433304229416,0.14921571634245,0.628247094827578
"ACTCAGACCTGCTTCT-1",0.0541338763642864,0.0644718254546902,0.00902510950860409,0.00946857424504234,0.0430742439603388,0.099805438458546,0.720020932008492
"TTGGAGTCTCCCTTCT-1",0.0495131592243124,0.0416816050293613,0.00734050139622965,0.00573927024834848,0.0595692299125009,0.0577233558012766,0.778432878387971
"GGATACTCATGAATTG-1",0.0498608786866608,0.0527403457242301,0,0.0110838179468071,0.061174620748869,0.086178352185302,0.738961968347905
"TGGGCACAAACAGAAC-1",0.0688379948362675,0.0551822892470647,0.0104064549843182,0.00656867231055419,0.0456272035175201,0.123720954076197,0.689656431028079
"GAGCCACGGTAGTAGG-1",0.0754330856002583,0.054854398672136,0.00908904114002292,0.00748674625479048,0.0373294718208432,0.0745556339899633,0.741251622521986
"TCGATAGGCTAGTCGC-1",0.0427207773072118,0.0447984695629054,0,0.00776271856115039,0.0501945160913274,0.0793514470689264,0.775172052930885
"TAACCGCCCGCAGTGC-1",0.0581470927320602,0.0425288818853421,0.00915323773557807,0.0079254081442382,0.0601419352324717,0.092024471945152,0.730078972325158
"GCCTATTTGCTACACA-1",0.05007869189134,0.005350344768345,0.0221909561762051,0.00564764467382566,0.0350387844436081,0.098628195563949,0.783065382482727
"TTGACGATTCAGCACG-1",0.0558680989220349,0.0493599681428297,0.0104453789308163,0.00602118953350904,0.0663147542053253,0.107393725204893,0.704596885060592
"TTAAACCGGTAGCGAC-1",0.0350500523854094,0.0841567441130304,0.00746627192635545,0.00529221927094269,0.0686159207379637,0.0933858850733377,0.706032906492961
"ACCGAAAGGGCCCTGC-1",0.0431754933289909,0.0358261628906482,0.0162212724520294,0.00742669707196691,0.0461388615136353,0.0830732697774074,0.768138242965322
"ACGTTCCGCGCTCCGT-1",0.0530371543016156,0.0631661908819948,0,0.00678947201376572,0.0423860380967524,0.0625726454256362,0.772048434458674
"ATACCAGGCTAATAGA-1",0.0356416235426097,0.0429538721829932,0.018909090644893,0.0079918338982042,0.06003415902078,0.115066362621265,0.719403058089255
"CGGCTTTGTATGATAA-1",0.0360133262284909,0.0679556751683317,0.0122592210281399,0.00817691641293918,0.0546533207370483,0.0748746728456494,0.7460668675794
"CTTGACCCGAAAGATA-1",0.0338968283181343,0.0461044931399491,0.0153038141497151,0.00840769622001646,0.047828579717658,0.111540036846776,0.736918551607751
"CGCAGAAACATTTGCG-1",0.0465641491018119,0.0646365361493813,0.00899545680115046,0.0068870483703457,0.0605445109673601,0.1162981088355,0.69607418977445
"GACCCGTCGCCGGCTA-1",0.0387942604239642,0.0370697764474726,0.0159499334057711,0.0072710328467145,0.0401981849378004,0.148101015935096,0.712615796003181
"AATCGGGACACTACGA-1",0.0481171296872524,0.0355800751299788,0,0.0122152790978014,0.0266874077405278,0.138611996509657,0.738787529371829
"GTCACAAAGTTTCCAA-1",0.0325794129475978,0.0763187056292591,0,0.0106390957676702,0.0246049883860761,0.108751278839063,0.74710607428251
"TATATTCGCGTCGATA-1",0.0417553972572286,0.0283994822175458,0.0105861061479344,0.00777352996191221,0.0378692775726052,0.128389978074925,0.745226228767848
"CCTCCCGACAATCCCT-1",0.0374851334008914,0.0569895142758025,0,0.00739620714801589,0.0346471270242597,0.126280096923001,0.737177527311127
"CGACATGCGATCTTCT-1",0.0467165313210565,0.0550431247134619,0.00753611537132874,0.00725949373629143,0.0731345819898408,0.102510327373654,0.707799825494367
"AACACGACTGTACTGA-1",0.0431656270493148,0.0536801605295713,0.0226210816648545,0.00784004666121327,0.0496451555094007,0.15742851040385,0.665619418181795
"CCCAACCACACTAACA-1",0.0490833848925342,0.0309830572564816,0.0206881055683944,0.0100585567223063,0.0585628593328654,0.109345777460546,0.721278258766872
"CACCGCCGACCAGCGA-1",0.0604601366762885,0.0174376626839228,0.0148564116295827,0.0107935341863033,0.0492223077368189,0.125876590205953,0.72135335688113
"TGGTATCGCATCCCAA-1",0.0472371162730207,0.0604284888779018,0.0164990452438388,0.00746365391596426,0.0360104850995703,0.105505387600473,0.726855822989231
"CAGAGTGATTTAACGT-1",0.0484430410701064,0.0410924548442344,0.00292085183794621,0.00924514292882827,0.0630369327336138,0.119621230134809,0.715640346450462
"AACCCTGGTGGAACCA-1",0.0461428801044702,0.0403647512854343,0.0264591815360302,0.00829400032988769,0.0689287109989875,0.128591233421857,0.681219242323333
"GTCAGTTGTGCTCGTT-1",0.044147027199477,0.0362241627112659,0.0162373853781993,0.00768750187805568,0.0455155682212502,0.0730721851293972,0.777116169482355
"ATTGACGTAACTCGGT-1",0.0382373023473156,0.0447174471777716,0,0.00687659765391859,0.0607428879835648,0.108756932776532,0.740668754467075
"GATGTCGGTCAACTGC-1",0.0521047583535058,0.0422795416540416,0.0139002475570347,0.00513779658859266,0.049599956856391,0.116144727843037,0.720832971147398
"AGGGCAGCGGCGTGGT-1",0.0321962281928759,0.0346656233009888,0.0127392739309712,0.00791258659206265,0.0334092268522531,0.132457427915014,0.746619633215834
"ACATCGTTAACCTAGT-1",0.0359475263224229,0.0486960852587139,0.00356996109218577,0.00784659484900156,0.0559311839181637,0.206493785009199,0.641514863550314
"TCCATTGTGACCTCGT-1",0.0479289818426742,0.0381696056392552,0,0.0104287293764997,0.0593431646184425,0.104022170290696,0.740107154715628
"TGTTTAATACTTCATC-1",0.0383061375860129,0.0548415233610747,0.0134291781074001,0.0143275356188777,0.0327688743231974,0.122608576877017,0.72371817412642
"TTGCTGGCCGGGCTTC-1",0.0553600970612232,0.0314601712314266,0.021907346147618,0.0148600797785939,0.0388467101895638,0.136050350335681,0.701515245255893
"CATATTATTTGCCCTA-1",0.0351000096201121,0.032511381953183,0.00685602842843872,0.00735493360392628,0.0455491204642161,0.113011119565884,0.75961740636424
"CTGCCTAGCCACCAAG-1",0.0244755651143594,0.052265501883797,0.0060910017317619,0.00820042498786202,0.0243583146163675,0.109822051677849,0.774787139988003
"ACGAGATATTTGCTTA-1",0.0466100422993654,0.0302619099931811,0.0133361028896287,0.0125255081481171,0.0422173923065511,0.146038234821906,0.709010809541251
"GACTACAATTGCTCGT-1",0.032503998841397,0.0483739872693651,0.0329005665430557,0.0120535007151203,0.0319204185364086,0.105378157636061,0.736869370458592
"AACGTGATGAAGGACA-1",0.0388899391618338,0.0419860688796548,0.00265968583971044,0.0141989711900989,0.0260459374489044,0.142535151700485,0.733684245779313
"ACTCTCTTATACACGA-1",0.0229000222942745,0.0493398240225341,0.00887476069418903,0.00978380062844306,0.0266049407233349,0.15748416938157,0.725012482255655
"CGCATCATGGCTTCAG-1",0.02719511643123,0.0544899320182277,0.00462432807338862,0.00814047657986453,0.0265898320982666,0.245246297216437,0.633714017582585
"CACATGTTTGGACATG-1",0.05414144332352,0.0587059634741286,0.0213453589174363,0.00857496845694235,0.0412713380832044,0.0905702883382337,0.725390639406535
"TTACCGCCTTAGGGAA-1",0.250272557287396,0.115391003563651,0.0473545209952483,0.014905077902143,0.123920975409765,0.0763313032968259,0.371824561544971
"CCAGTCCATTATTCGA-1",0.11318013757635,0.0854645241304487,0.0196095382202235,0.0114322667544035,0.0495849313182087,0.0391435591214845,0.681585042878881
"CGTAAACGCTTGAGTG-1",0.203925902877248,0.0660815593081585,0.099252522272722,0.0178899752727267,0.108144239372418,0.0578805525324512,0.446825248364275
"ATTCCTTCCAGGCGGT-1",0.0836055911703798,0.0896006219414236,0.0568728271272041,0.00979822822626555,0.0481722955000778,0.053136601217851,0.658813834816798
"TTCCTTTCTGTGTTGC-1",0.129339679048474,0.0763165311468918,0.0587721865153953,0.0101406173817459,0.047902238252927,0.0203703358421611,0.657158411812405
"AGTTGACATCGGCTGG-1",0.0575921646990797,0.0588504940143921,0.0396635996108872,0.0102406325401139,0.0418405238382614,0.0848111318867695,0.707001453410496
"AACTCGATGGCGCAGT-1",0.0646812763333752,0.0476679201232569,0.0183257126592104,0.0250547622263414,0.0381708294278379,0.0905231522640461,0.715576346965932
"GATAAGGCAGATGCAA-1",0.0639521253695594,0.0470278153467264,0.0317492975082656,0.0134163645527796,0.0618896807232525,0.117584420345032,0.664380296154384
"GGCTGGCTAGCTTAAA-1",0.071182456073465,0.0381376451168071,0.0202566266258349,0.0129421512198424,0.0358176966671131,0.111790804661153,0.709872619635785
"CCTCATGCAGCTACGA-1",0.0391783024166539,0.0324970425410761,0.00794935086884693,0.0103789834989623,0.0517028432309828,0.131089784823574,0.727203692619904
"GACGCCTGTTGCAGGG-1",0.0523094473974184,0.0544656046070095,0.00497872545027724,0.010347050836924,0.04899334379332,0.115667342292968,0.713238485622083
"TAATTAGATGGATATG-1",0.0532736273691408,0.0462268736864739,0.0244979436786021,0.00904784637342737,0.0241396401185595,0.117229251150122,0.725584817623675
"GAGGGCATCGCGTATC-1",0.0567901438345836,0.0292197807196217,0.00741687285547204,0.0107869661141797,0.0548811283725929,0.0954885920843883,0.745416516019162
"CTTGTGAGTCTTTGAC-1",0.0523908625658247,0.0415776039819147,0,0.00870315451183731,0.047570660531412,0.059246438545457,0.78988492046912
"TCAACACATTGGGTAA-1",0.0670864978935731,0.0436559588213565,0.013298090872376,0.0112986690467969,0.0262996378853871,0.0834250382688446,0.754936107211666
"ACTGTATACGCGAGCA-1",0.0594599153622541,0.031252796394939,0,0.0113977216525091,0.0593544899773976,0.0809511311034962,0.7575839338868
"GTGAAACGTGCTCCAC-1",0.0217841582223294,0.0498529997410954,0,0.010127428505392,0.054781477403943,0.11658661312722,0.74595839136866
"CGAGTGCTATAGTTCG-1",0.0185862296260256,0.0479506495074467,0.0040516900629346,0.0081351880972414,0.0397815780656309,0.122441970661984,0.759052693978737
"GTACTGCATGAAGCGT-1",0.0541514890923405,0.0421789487007602,0.0137800830893455,0.0106046918160212,0.0429970640614556,0.097305942792912,0.738981780447165
"GTAACTTGCGGCAGTC-1",0.0612839480111602,0.0523389036576628,0,0.0176845462090083,0.0458115049889602,0.129577782988407,0.693303300789912
"GAATCGCCGGACACGG-1",0.0368705563281232,0.048984494817614,0.0133291219789108,0.0139976760214079,0.0435121110164514,0.104438331203046,0.738867708634447
"GGGAGTAATGGCTGGC-1",0.0452774302005846,0.0395791629759935,0.0225461598783417,0.0146558073364619,0.03449345491358,0.18684214107958,0.656605843615459
"CATGAACCGACATTTG-1",0.0632686276943007,0.0496199086000209,0,0.0147867006168163,0.0376216801934899,0.118876937449956,0.715826129119635
"TCTGTCATACAAGAGC-1",0.0574480908295915,0.0395608197425293,0.0105413887787576,0.00973890399211864,0.0525241049531849,0.148017409785605,0.682169281918213
"GTCGTCAATTATAAGG-1",0.0303177488388147,0.0668677950191704,0.00360671044252808,0.0103111881654337,0.0417403129154445,0.131490293426174,0.715665951192435
"TAAAGAGCCCGAAACC-1",0.0446810231492848,0.0467497711689868,0.028007640941592,0.00844200240626666,0.0598654536145058,0.10859960633592,0.703654502383444
"GTACTGAGGTCGTAAC-1",0.0597225518055094,0.0380124463999754,0.0126293815874045,0.0117396920732189,0.0574500860471771,0.114272414011726,0.706173428074989
"AAAGACCCAAGTCGCG-1",0.0809997010929493,0.0156487307761443,0.00327320066430235,0.00850030555556706,0.0610041189793908,0.104118458844814,0.726455484086833
"CGTCAGTGCGCACAAG-1",0.041827105438707,0.0325642846744742,0,0.00944682488289862,0.040649913554721,0.167303686741984,0.708208106177536
"TGTATCCTTATTCCAT-1",0.0872544806716227,0.0231093985095973,0.00173382859954671,0.00819025702729519,0.0514741150430452,0.0996040942790307,0.728633825869862
"ATTCTCGTCTCTTTAG-1",0.0629380080530236,0.043037732379416,0.0142272832943004,0.00893119889747356,0.0394084210944687,0.131319368040278,0.70013798824104
"AAAGTCACTGATGTAA-1",0.052742635100046,0.0536929835011674,0.00723503380119926,0.00973813034376339,0.0408831875853044,0.12731904803057,0.708388981637949
"TGTCTACAGTTTCTGT-1",0.0415002800773197,0.0488025986167685,0.0189442103893917,0.0100307375738539,0.0437109336083684,0.143161459521476,0.693849780212822
"TTAACGTCGCAAGACC-1",0.0348369274530627,0.0393981348582417,0.0117976424082296,0.00787574737762226,0.0306565423992657,0.0947600987221219,0.780674906781456
"CTATGTCTATTGAAAC-1",0.0403624490791556,0.0475607143163988,0,0.0095957375933709,0.0437153589596332,0.101802094881676,0.756963639363344
"TCGGGTGAAACTGCTA-1",0.0520870625679197,0.0316035037524574,0.0183684943921046,0.0101214529352149,0.0400918670345399,0.087922640056787,0.759804979260977
"TGTCCCGACATAGCAC-1",0.0484795216365951,0.0474473580590741,0.00421936074801922,0.00915058376619024,0.0469087781496078,0.144843730803569,0.698950666836945
"ACAGCATAGAGCCAGT-1",0.0431337189460239,0.0481438235780713,0.0271004743859673,0.00535670416826678,0.0480295066991659,0.103094052826908,0.725141719395597
"ATATTCCCACAGGTCA-1",0.0563332287273306,0.0529281412600937,0.0082292493176722,0.0107561249181073,0.0431824718109322,0.144381396888458,0.684189387077406
"TTGGATCGACTTCTGG-1",0.0449860163679356,0.0618070568333011,0.0120988681455,0.0103751103673176,0.0299309904777586,0.102173179871997,0.73862877793619
"CACCATCGGAGGAGAC-1",0.0533034476922423,0.0195811714961374,0.00652633406810577,0.0115902595150244,0.0477963523995932,0.131945978479638,0.729256456349258
"TCGTTCGTTATTATGT-1",0.049274448659015,0.0173732624251806,0.00355496517133848,0.0121685138072241,0.0406739209473824,0.146485206528256,0.730469682461603
"CTTAACTTCGAAGTAC-1",0.0530001179266961,0.0408441981307793,0,0.0147825554015907,0.0318926191471933,0.133422800201086,0.726057524306845
"GCACAAGTGTCGGAAG-1",0.0482230567974025,0.0309839970889257,0.00431149018022857,0.0106809746615763,0.0523113262563359,0.16265906352215,0.690830091493381
"TACCAGCTAGGTTTAA-1",0.036520257338142,0.0341793248369585,0.0223508265260651,0.00984385690826741,0.0776636951463024,0.133960039509009,0.685481999735256
"ACGTACAGATTTCTCT-1",0.0888009619712184,0.0334380265349924,0.00282647304351752,0.00935869051610652,0.0382973938894535,0.160282922742096,0.666995531302616
"AATTTGGTTCCAAAGA-1",0.0535214881021955,0.0311408797761188,0.0242177709429927,0.00826346263761834,0.054322133978152,0.146250728730117,0.682283535832806
"GTAAGGATTTGTCGGA-1",0.0707236127584109,0.0411031018134062,0,0.0092603231961125,0.0473687735449799,0.128386387415021,0.703151298292723
"CATCATCTACCCGGAC-1",0.0426528498333456,0.0561729048821854,0,0.00902915743664819,0.0231819636482901,0.148738988871505,0.719531227166872
"ACGATGGATCCGATGC-1",0.0565494119754785,0.0277570445637433,0.00899978388173107,0.0086041417630693,0.052364536989159,0.145153720410095,0.700571360416724
"CACTCAGCTCTTGAGG-1",0.0607027497289582,0.0441878737659322,0.0190225456301001,0.0101993604384952,0.0403089556835138,0.139391340407254,0.686187174345747
"TAGATCCGAAGTCGCA-1",0.064315910901607,0.0198347085089114,0.00896087081035477,0.00774630978384221,0.0366682424230572,0.150956012164151,0.711517945408076
"TGAAACTTATGCAAGC-1",0.0485455219740119,0.0411878118225345,0.0136913516748808,0.00906847848891446,0.0618408450953258,0.150624754620872,0.675041236323461
"GCGATTCTGGAAGCAG-1",0.0381845330253009,0.0500611003778514,0.0293435309358569,0.0086189531228506,0.0459256053680943,0.17964096586038,0.648225311309666
"CAAACTATTGAGCTTC-1",0.0489634755409971,0.0455361111276226,0,0.0113197625870431,0.0799259736232809,0.137925236496234,0.676326155474235
"TAGAATTAAGGGCAAC-1",0.0432234903583878,0.0417514831189956,0.00988783644305162,0.00969008696539305,0.0758912718950751,0.114074617272669,0.705481213946428
"CGAAACATAGATGGCA-1",0.0426304804874111,0.059081634377486,0,0.0136830268624453,0.0439108191160054,0.145697222944827,0.694996793081363
"GATGGTGCCCTAGGCA-1",0.0407957431026926,0.0564038080309251,0.00447268461359312,0.0143121184983861,0.0569541036631557,0.12455734716604,0.702504194925207
"CCCGCAGGGCCCAAAG-1",0.0719318426424572,0.0823644185607307,0.0178074506288529,0.0154602027796744,0.050682560482367,0.163868007428787,0.597885517477131
"ACAGCGCACCCGCAGC-1",0.0436093671959349,0.0371280648416691,0,0.00868628351622702,0.0412859347212179,0.132921245852937,0.736369095706793
"GGTAAATGTGCGTTAC-1",0.0433340565524816,0.0326498246966236,0.0123259680742662,0.00879931769466999,0.0418786681924948,0.124045772913808,0.736966391875655
"GTCCTTCTAGTGGGTT-1",0.0440916313604353,0.0296778952521352,0,0.0115802949411841,0.0305888207924772,0.133706624611835,0.750348087024083
"GGAAGCTCGCTTACAG-1",0.0535643145296809,0.0390744470209957,0,0.0109807081472931,0.0446165405179215,0.162086830568007,0.689660862898264
"CACCGATACACCGAGC-1",0.0605968784934499,0.0558356610426159,0.00436860430496487,0.0111780137478217,0.0277033272228604,0.149065736810199,0.691251778378088
"CAGCCGGGCCCTCTAT-1",0.142691390698156,0.104829725494823,0.0151204032714378,0.0592152800040332,0.128756901388477,0.0416446355905404,0.507741663552533
"CGGAGCTTATAACACC-1",0.0573667707130273,0.0344535575838741,0.0359665425909592,0.00913539202397309,0.0689553781385772,0.26215274565477,0.531969613294819
"ATTGATAGCAACGAGA-1",0.197205127362959,0.172830136129394,0.0714445457502697,0.0207535728429565,0.120590658963553,0.114647498976195,0.302528459974673
"TCTCGGCTCCAGGACT-1",0.179020450897215,0.207369857879485,0.0888209459485271,0.0349393299286413,0.113890532216306,0.0876488344058275,0.288310048723999
"CTTGAGGTTATCCCGA-1",0.191618822823865,0.12963628514066,0.093636553397064,0.0344086342002899,0.110105794604003,0.0403114967948878,0.40028241303923
"AAGAAGGATCAGTTAG-1",0.103737434924298,0.0618279125804422,0.070352995348367,0.0129441944026811,0.113655970149449,0.0574296191147404,0.580051873480022
"GTACGACGGCGCTGCG-1",0.0965262792496121,0.0923715790036681,0.0345059267883313,0.0138740090611187,0.0356447017224488,0.0558322213128094,0.671245282862012
"CTTATGTTGACTACCA-1",0.0518236676325233,0.0637611613362092,0.0231042957592847,0.0106431561417502,0.0357634031673288,0.0756129604331503,0.739291355529754
"CGGCACTCAAGAAAGT-1",0.0693466826481882,0.0552520226621346,0.0348965641137874,0.0146772654359971,0.0418031024898189,0.0812073430251274,0.702817019624946
"GTCAAAGTTTACATAG-1",0.0718071370591696,0.0716153927306376,0.055545559551607,0.0104539754622558,0.0437992919699844,0.0426532340305176,0.704125409195828
"CTCCTAAGTTATGTCT-1",0.0499061727503196,0.0327384306596245,0,0.0123080206678115,0.035709563159334,0.087983605421416,0.781354204411305
"ACTGTGCTAGTAGATC-1",0.0463698614612692,0.0123611087022344,0,0.00821589520812412,0.0372699101804067,0.114195486555737,0.781584860721657
"GTTTGGCCGCTCAGCG-1",0.0425433854470588,0.0490107222834934,0.0184514848331963,0.0117772189951502,0.0389565168664291,0.120286244166121,0.718974427408551
"TTATCCAATCGAACTC-1",0.0346359099372361,0.0521525564038647,0.00532366915707051,0.0108615814414982,0.0307323778823074,0.138549898954251,0.727744006223772
"CCGTACCCAAGCGCCA-1",0.0564183356068147,0.0438071779905335,0,0.0117644647349314,0.0425689792174509,0.129591391982004,0.715849410279041
"CATACAAAGCCGAACC-1",0.0440334822300512,0.0548580920559454,0.00845278808084744,0.0135912834317193,0.0378849188899045,0.116287528021594,0.724891907289938
"GGTCGGTAATTAGACA-1",0.0667348444089603,0.0316608099132513,0.0240038464103203,0.0151444098131718,0.0590118921270989,0.11423576265446,0.689208434672738
"AGCGGGAAGGGTCCAT-1",0.0635947526311456,0.0303344457642483,0.0141432268316636,0.0178788533986807,0.0333396396905905,0.131445742176926,0.709263339506745
"GCCCACCAAGGCTGTC-1",0.0400879534374616,0.0549393213761062,0,0.0136466560077551,0.0503095070205626,0.106840035157528,0.734175575624896
"GTAGACGTCGTTACAT-1",0.0550235276906285,0.0477672274186651,0.0137457184698332,0.0114575444928387,0.0377630435567397,0.112476297934628,0.721766640436667
"GAGCATCATCCCTGGG-1",0.0409967933953022,0.0573058775910225,0.0036523476337561,0.0133202804759769,0.0516726127465926,0.0934063196437508,0.739645768513599
"AGGTAACCTCCTATTC-1",0.0598907565419093,0.0491068153551108,0,0.0134877952428833,0.0533414404839841,0.157300377973562,0.666872798625511
"GGTTTGAGTGCTGGAA-1",0.0544944113620133,0.0181255093734025,0.0169011844821458,0.0119983562332476,0.0500210933304564,0.132628575404092,0.715830869814643
"GCACTAGTCGCGCTAT-1",0.0584907505467376,0.0533257796897084,0.0128644384192734,0.0116380880534976,0.0443782404573552,0.122831053625288,0.69647164920814
"GGTAACTATGTATCTG-1",0.0658922140244937,0.0257623855916051,0.0158053943160332,0.0147099015898274,0.0392321709248705,0.145264689212917,0.693333244340253
"GCGGTCCCTAGACGCA-1",0.072022057606607,0.0399911965432708,0,0.012178585189403,0.0441097484444863,0.126476759662702,0.705221586611171
"CGAGCGTTGATCAGCC-1",0.0692248544919261,0.039247545111594,0,0.0103093226046462,0.0605141364570635,0.160816445572291,0.659886898714245
"AATCCAAGGGCCTGAG-1",0.0364400641228183,0.0586527293908579,0.0266375105039254,0.0101710321030185,0.0376154542299781,0.14886716275079,0.681616046898612
"CCGTGCCCATGACGGC-1",0.0529397766770236,0.0596191272142394,0,0.0139794936208612,0.0305915426279984,0.165283778214449,0.677586149753051
"GAAATTCACATCGCTG-1",0.0516085299967531,0.0399131096875873,0.0199870303248708,0.0112111230171051,0.0479135446778372,0.175717535350138,0.653649126945709
"CTCTGCGAAGCAAGCA-1",0.0588619198487418,0.0470740728338249,0,0.0102711260399227,0.033121128612453,0.150566031443649,0.700105718540025
"AGTAGGTAACATACAT-1",0.0470172559477462,0.0360485121735889,0.0102288134829629,0.0111169280936824,0.0433135854056616,0.139209753990639,0.713065150905719
"ATTGGGAATATCTTGG-1",0.052384577938917,0.0476172544456014,0,0.00927645746719434,0.0671889985252625,0.135531536439225,0.688001172443874
"TAGAGCTACGAAGAAC-1",0.0659188493864589,0.0387620591520019,0.00606558832242353,0.00880860231252341,0.0600903392434799,0.141327831966584,0.679026729616528
"TGCGGCATAGTTCAAC-1",0.0531602753716903,0.0218505360060094,0,0.0102949005741125,0.0443423524151335,0.142961681514368,0.726808124368001
"CCGCCGGTCAACACAC-1",0.0614971645224084,0.022386885598065,0.0158223572180025,0.010079549653756,0.0462513402794295,0.129361092803593,0.714601609924745
"TCGTATAGTGCAATTA-1",0.0395611465452119,0.021855280433944,0.00972299604055898,0.00800153572532163,0.0481158177905455,0.116661685652308,0.75608153781211
"TAGTTTATTCTTGCTT-1",0.0761032697015942,0.0642443459606363,0.0314402299300643,0.0441299256242306,0.054707087310764,0.0937232143669514,0.635651927105759
"GATATCTCATGCAATA-1",0.0730566117533078,0.0422622849473685,0.00829772563569093,0.00783949905012736,0.0628781356326952,0.12111516271117,0.68455058026964
"CGTTTAAGCGGAGCAC-1",0.0583132657850369,0.0554162336606083,0.0214334557586143,0.0124802504592982,0.042937895487524,0.132046466598432,0.677372432250486
"CATGCTGGCTCCAATT-1",0.0598137741395183,0.0253205194780467,0.0220761333256558,0.0110984451449162,0.0415321428343592,0.147081095318791,0.693077889758713
"GAAACAGCCATGCAGT-1",0.0500472102202455,0.0534924840243664,0.013004344563394,0.0157367070818099,0.046650695510334,0.137601310660692,0.683467247939158
"AGTTTCGCAGGTCGGA-1",0.0585320349939754,0.0472765167910841,0.010391257640233,0.0127248027843794,0.0346933433393919,0.142570015511795,0.693812028939142
"CTCATGGCTCACAATC-1",0.0353407505245609,0.0580932150342444,0.016814381651163,0.00826136888910999,0.0325616415610385,0.101608050507974,0.747320591831909
"AACCGTTGTGTTTGCT-1",0.0439473277399756,0.0358925506422174,0.0175724614598613,0.00972227196432219,0.0574104139689339,0.143250651664107,0.692204322560582
"ACCCTTCATCTGCGAA-1",0.0698160750326098,0.0477829496322637,0.00559757353800045,0.00641335869823916,0.0466367446792821,0.102724236600167,0.721029061819437
"TGCGGTGAAATTTCAT-1",0.0506245723900296,0.0295802735115762,0,0.00712967049975078,0.0779791005734225,0.136291828239364,0.69839455201805
"CAAATTGTCAGCAAGC-1",0.0493204240737724,0.0515866910413548,0.00707666085689402,0.00889607856870631,0.0405143943965497,0.0726883597602579,0.769917391302465
"GAGGTACATCCATCTT-1",0.0565908608721604,0.0317115259352472,0.009760667260173,0.0109548092303644,0.0485064441062308,0.159428038265127,0.683047654330697
"AAATGGCATGTCTTGT-1",0.0362601306472832,0.0433163351078417,0.0143760915082193,0.020537138102751,0.0614016004292211,0.1407776525911,0.683331051613584
"TCATCCCAGAGGGTGG-1",0.0469631220665072,0.051894375003276,0.00477349436261918,0.00849738630655894,0.0609349916766394,0.140549168668405,0.686387461915994
"CGTAGCGAATTGTCAG-1",0.0434311158424914,0.0533509261945046,0.00578425166772798,0.0103313423106262,0.0720475337793293,0.120317202010248,0.694737628195072
"CCTAGTTAGTCGCATG-1",0.0457598325293233,0.0443860188318828,0.0131741492128712,0.0113242041347624,0.0734099627239454,0.142426494639033,0.669519337928182
"GAAACTCTAATGAAGG-1",0.0375719616214293,0.0627162704539429,0,0.00808520561291234,0.0432574705851146,0.146576552208673,0.701747351967626
"TTGTATCACACAGAAT-1",0.0506367580873932,0.0479270587752267,0.0258785124983705,0.00927365703142788,0.0312562880127683,0.131852532131952,0.703175193462861
"TTCAAGCCGAGCTGAG-1",0.0322901994321681,0.0651166721204898,0,0.00981330643242501,0.0444099540791559,0.171597396026404,0.676772469115401
"AGGTACGATATTGCCA-1",0.0537608790462928,0.0459117576945995,0,0.0114231101061506,0.0388201872600958,0.107022648504565,0.743061400762349
"TTAAGCCGACAACTTC-1",0.0479921828248648,0.0346117564244841,0.00884971166364555,0.0113394211462709,0.0475292291932028,0.166665652427958,0.683012046319574
"GTCTTAGTACAGCCGG-1",0.0491619104471024,0.0468819162264082,0.00948820375012668,0.0132599289172981,0.0409132252297774,0.154318005788877,0.68597680964041
"TGGGTAAGGTTCCCGC-1",0.0350526227077709,0.0348336408937395,0.00157514770013877,0.0127686764128185,0.0464369520515683,0.15963992946258,0.709693030771384
"CTACGCCATTTCCGAT-1",0.0417621094776512,0.0381249162338052,0.00863445427580136,0.0112796402131959,0.0439080480169298,0.134806095759947,0.721484736022669
"GACCGTCAGGTCGTGA-1",0.0440161358054591,0.0370442718656013,0.00463950073848493,0.00897197545691626,0.0247835622111739,0.143696244744043,0.736848309178321
"TAGTTAAGATAGGATA-1",0.0475721219973212,0.0665998418846274,0.0178014512918446,0.00935254220296299,0.0437082176088661,0.134968156248004,0.679997668766374
"GAATATTCGGAGTCCC-1",0.0374829765270705,0.0633565933531889,0.0171269587493316,0.00739690699190529,0.034460490373412,0.0717688830497466,0.768407190955345
"CAAACTACGATAGAGA-1",0.0621814153467498,0.0896698601584403,0.0147204839297448,0.00837531833991557,0.075889039173941,0.0943715022857005,0.654792380765508
