"","CAF","TEC","T cell","B cell","TAM","HPC-like","Malignant cell"
"CATTATAACAGGGTCC-1",0.0362589572524561,0.0470469781957421,0.0172641833856305,0.00829418040176576,0.0937897977342606,0.127864142598346,0.669481760431799
"ATAGATTTGCAGTCGG-1",0.0690476488570606,0.0402388399341127,0.00471302905978925,0.00846036895143884,0.0554942517022412,0.166099848082139,0.655946013413218
"GTGGCGGGCCGTAGCT-1",0.0710021193793569,0.0476145402249117,0,0.0108404774643594,0.0440559397969224,0.162299015330335,0.663858233637382
"TGCGGGTATTGGGATC-1",0.10349105243408,0.0575876585856571,0.0234316101475373,0.00835056678098198,0.0437126867478259,0.193298424257022,0.570128001046896
"CTGGGCGGCCAAATGT-1",0.0517942650275335,0.0648459289085168,0.00296637900404413,0.00830486485287916,0.0505846141987799,0.12644321554804,0.695060732460207
"TCCCACGGAGGGAGCT-1",0.00975051757947052,0.0452247759216102,0.00478322878979571,0.00557630085853771,0.0295446413314426,0.150880459029182,0.754240076489961
"TTCCACATTTCTCGTC-1",0.027393766960144,0.0300813118433634,0,0.00306966385681286,0.0192155499938035,0.184487180014936,0.735752524312877
"AGACGGGATTGGTATA-1",0.0278959241724052,0.0196233881359138,0.00920684513587848,0.00518131460274696,0.0285612120556082,0.151398899714228,0.758132416183219
"TACAAATTGCGGAGGT-1",0.0378617390726281,0.0178005954590396,0,0.0029832946269475,0.0281236170417719,0.157125096639942,0.756105654319859
"CATTGCAAAGCATAAT-1",0.0260128951543849,0.03296067709278,0,0.00495829932245883,0.0114203006404165,0.207787015035458,0.716860807652945
"TTCTTCGCAATAGAGC-1",0.0225539838215592,0.0185087740892684,0,0.00166617299836435,0.0179511209590158,0.202258893195747,0.737059460723547
"GCTGGGTCCGCTGTTA-1",0.0483580135555143,0.0519669915532488,0.00577102701286236,0.0178865267788699,0.0749655039108467,0.280999844508508,0.52005209268015
"TAGTGAGAAGTGGTTG-1",0.0598191006451768,0.0346286926569941,0.0234825654281075,0.0250045429750588,0.0768252922058636,0.0828064773877779,0.697433328701021
"AAACAATCTACTAGCA-1",0.0373132765609479,0.0449746204516936,0.0119021489098727,0.0208000983475911,0.0333310817374686,0.0841252103119978,0.767553563680428
"ATAAACCATTGGACGG-1",0.0465872333196589,0.0213892261663674,0.027532262978745,0.0112332635605024,0.0361539221716323,0.0938542992035295,0.763249792599565
"TCTGTGGCTACATTTC-1",0.0527482350020495,0.0479984642993137,0,0.0086631197768375,0.0279495240188396,0.108250193388987,0.754224986021243
"CACGACTAAAGTTCTG-1",0.0536694977470007,0.0217372451837537,0,0.00997412306876882,0.0418713041564026,0.0960873062936262,0.776597520787643
"GAGGAGTAATTCCTAC-1",0.159676730455076,0.085449472625186,0.0947452934745387,0.0132469481559686,0.124302196118761,0.070874045615033,0.451705313555436
"AGAGGTATCTCGGTCC-1",0.0531565684267936,0.0346202669748853,0,0.00954308650245604,0.0419699140779076,0.106087449282701,0.754622701115149
"GGCGTACCCTATATAA-1",0.0420657202725461,0.0283865468909149,0.0122156725252385,0.0105267403641552,0.0426249356922228,0.116104878343045,0.748075505911878
"GCCGGAAACACATCTT-1",0.028166216798912,0.0263106701260291,0,0.0125833642879129,0.0275194666133113,0.105173363061765,0.800246854927607
"AAATGTGGGTGCTCCT-1",0.0286559890107967,0.0197619968270993,0,0.00870857557526887,0.0359847218030078,0.124850828555383,0.782037884031276
"ACCAGGAGTGTGATCT-1",0.0299706816384871,0.0258859860115407,0.00597069979993768,0.00995402705974938,0.0474497721345837,0.105528596169796,0.775240237185905
"TGTGGAGGAAGCTTAA-1",0.0423467315513293,0.0215011011251314,0.0084686714600554,0.00676905567407734,0.0519182617823732,0.0756585201308514,0.793337658276182
"AAGGAGAACTTATAAG-1",0.0491815191397384,0.00735466707023763,0.0149519333516926,0.00767499235942612,0.0582394838633768,0.0735368869503948,0.789060517265134
"CCCTCGGGAGCCTTGT-1",0.0445207662408288,0.0247127261854833,0.00475275029362164,0.00823983564604903,0.0306591382174999,0.0461661363195697,0.840948647096947
"ACTGTTTAGTGTAGGC-1",0.0914956005027277,0.011415746531799,0,0.00847160357403295,0.0342125334768404,0.0495803208895024,0.804824145570127
"CGTCAGTTTATCGTCT-1",0.0277760474799149,0.0380563393473601,0,0.00807510969202703,0.0352424475823222,0.0791414029740968,0.811307093925165
"GCGTGTATGTCGTATT-1",0.066480992404523,0.0308589517061596,0,0.0086640755175716,0.0158362903806407,0.0924758556897175,0.785683545064905
"ACAATCGATCTTTATA-1",0.0475661187845399,0.0386985701545504,0,0.0137593554255743,0.0413116701738091,0.10676631553349,0.751299240046834
"CAGCCCTCACAGGCAG-1",0.0554519977854235,0.0122482748858626,0.0161696052072335,0.018663376031582,0.0421157191763922,0.106638285651671,0.748712741261835
"CGCGTCATATTAAACC-1",0.0501895552079181,0.0278769537939344,0.0206340014417562,0.0103795244741984,0.0557380542731132,0.136247351627298,0.698934559181782
"GAAGACTTCAATGCCG-1",0.0806600976638697,0.0198476346080675,0.00811444868003955,0.0235268820805351,0.0486756101759875,0.129312304089013,0.689863022702487
"TTGCGGCGACTCATGC-1",0.0412825889271606,0.0507669871435742,0,0.0117746125333817,0.0529342810199926,0.125663134833651,0.71757839079422
"ACCAAACTAGAAATCC-1",0.115574226308099,0.0756751458195719,0.0409272881552968,0.0224693438575156,0.0673683971658522,0.117581410471882,0.560404188221783
"TTACTGTTTCTCTACG-1",0.096775360401171,0.041188541236256,0.0204001335618999,0.00927647293019063,0.0535247782995796,0.132108178838705,0.646726534732197
"GACCAGGTCATTCATA-1",0.395677249026123,0.121389555028805,0.0506853304748455,0.0183828644060867,0.120989208051274,0.0466093255961872,0.24626646741668
"TTCTTCCCTTTGATAT-1",0.149488110174561,0.137241331755091,0.0417085016371523,0.0209726555984608,0.103636027399573,0.103722073220547,0.443231300214614
"ACGCCCAGCTGTCGAT-1",0.137412657296165,0.104821246654038,0.00859728746809081,0.0142847661359248,0.0828058246781271,0.109576704841691,0.542501512925963
"AGTAGCGTGAACGAAC-1",0.0574691967810986,0.0606654705478167,0.0137658726853567,0.00736408769503082,0.0379178970150894,0.110385919945363,0.712431555330245
"CCTCGACCCACTGCCT-1",0.0732093845392011,0.0586423453714625,0,0.00837720691272752,0.0373057818374906,0.183581596242304,0.638883682369628
"AGTTATTGAAAGGTAA-1",0.01654038402878,0.047649014230487,0.008360829876402,0.00578857786570807,0.0351598380819312,0.130013412623218,0.756487943293473
"TCAGTTACGGAATGAT-1",0.0644600162755042,0.0458460713389905,0.0144711849979588,0.00732176413738706,0.0284061395328091,0.118717173772289,0.720777649945061
"GAATCTATACTCGGAC-1",0.0338156277263788,0.0422107024681391,0.0205553240238977,0.00541633485052143,0.0388594577553639,0.150401622081456,0.708740931094243
"TCGGCTAACTTCCCTT-1",0.137479824906325,0.0677694656980364,0.0309358569993231,0.00531647868363673,0.0710908515838787,0.0886176857178273,0.598789836410973
"ACGTGGTCGAATGTGC-1",0.0488619932344328,0.0358768066869236,0,0.00380097155659664,0.0664845097553731,0.167081059034314,0.677894599458781
"ATATCGTGCCAGACCC-1",0.0706267400284117,0.051818441725254,0,0.00634924579101894,0.0523261415131037,0.151477238700218,0.667402189426623
"GTAGCTAGTAAGCGCG-1",0.0255653605750248,0.0215007139930106,0,0.00253001767680963,0.0191949133715762,0.209391534838043,0.721817425742877
"ACGCTTAGTGTCTCTC-1",0.0792196355126303,0,0,0.00384546381482519,0.0199056186767036,0.136812672711189,0.76021172936104
"TCCGGCCTGCATCGAT-1",0.0121738196629118,0.0496086506519114,0,0.00467429602059359,0.0259705131504899,0.166487103932011,0.741085475824442
"TAGTGGAACTCATACA-1",0.0238167416740173,0.0485389797692587,0,0.00545868036583922,0.0405970792642726,0.142539631109366,0.739047227518374
"ATCATCTGCCCAGTGT-1",0.0396518269344814,0.0227515950853465,0,0.00388087383543905,0.0536187805138747,0.162576696752423,0.71752022419146
"GTTATTAAATACGACC-1",0.0172309857741985,0.0348550147246508,0,0.00462912574927933,0.030789358456644,0.139544007671638,0.772951498991711
"GCGCTAAGTATGCATG-1",0.0298372198419503,0.0360183675578715,0,0.00301729255078242,0.0169634649746936,0.117394741905159,0.796768689879588
"TGCGAGAAACGTTACG-1",0.0398111149581651,0.0127475580377501,0.00118080417240142,0.0105750320947243,0.0434139302203232,0.325880470145794,0.566391090370842
"TCGCCTCGACCTGTTG-1",0.0303246500482399,0.0426381153484632,0,0.00765883910099058,0.0272999745200427,0.181988935256416,0.710089479187967
"AGGAAAGCCTCTGATG-1",0.0446801359946393,0.0572916593411878,0,0.00889004112877285,0.0300028016625912,0.173948411728293,0.685186947353551
"GAAGGACTAAATTGAA-1",0.0565604995547397,0.0298501436810202,0.0137209189251661,0.0117695012543851,0.0619370168681062,0.208176764840299,0.617985154876283
"GTATCGGGACGAGCTG-1",0.061096213182813,0.0416510180051178,0.00171769741280014,0.0117036822091656,0.0570484602938359,0.17871768849098,0.648065240405288
"CCTGTGCATAGGAGAC-1",0.0374496024835577,0.0359032377525997,0.0400366670212366,0.014819688815867,0.0492085976013695,0.212875839601768,0.609706366723601
"CATACGGGTGCATGAT-1",0.0597365530434262,0.099574275429433,0.0089656020292481,0.0100837807618659,0.0800470389053368,0.0909349442046661,0.650657805626024
"CCACTAAACTGAATCG-1",0.0549723226355905,0.0643270452564556,0.0104319770407196,0.0326251465968583,0.0396367697939436,0.130439631614526,0.667567107061906
"AAATTGCGGCGGTTCT-1",0.061706775552028,0.0662879668223711,0.0725056016625655,0.0820866478501286,0.0622302389263465,0.113397568871594,0.541785200314966
"AGTCCAGCGGGTACGT-1",0.048225208558289,0.0484613369057263,0.0296317710022095,0.0389589927032172,0.0811814171548744,0.152866304528234,0.60067496914745
"CATTCAGGTCAGTGCG-1",0.0545393820198939,0.0606993419952672,0.0241853063459904,0.0310657213128804,0.103241839770807,0.131681969422598,0.594586439132563
"AATCAGACTGCAGGAC-1",0.0874207272481053,0.0441948222487267,0.0257367388132373,0.0324175708819668,0.0985901648372092,0.0847355214808612,0.626904454489894
"CTGGCTGCTAACGTAA-1",0.0645743120986054,0.0470465023132813,0,0.0106927857963911,0.0650541955060118,0.0278734995498575,0.784758666513191
"AAGACTAACCCGTTGT-1",0.0485792297799888,0.0113699882858304,0,0.011481759342878,0.0642498392111361,0.109398685720816,0.754920494785447
"GATTAATCCTGGCTCA-1",0.0294223033214496,0.0272076522231096,0,0.0108909778168161,0.0656812614717996,0.154437850647508,0.712359716528882
"CGCGCAAGGAACTACA-1",0.0565874190470001,0.0439738970364572,0.0161750966579761,0.00878505604375411,0.0410355861387463,0.122589306753491,0.710853638322575
"ACGGCGGGTTGCCCTG-1",0.0372002807116935,0.0404303435510038,0.0124896881364329,0.0107433375048656,0.0305972664813836,0.13894266348321,0.72959642013141
"CTAGGCGGCAGAGAAT-1",0.0557630071546996,0.0387310645495161,0.00464713820476894,0.00832365043600683,0.0422496435283958,0.122034607819771,0.728250888306841
"GTGCGCAGCTTGCTCC-1",0.0294475225095875,0.0465278471815101,0.0126494358416685,0.0146982521791995,0.0277374984086825,0.0952380840730614,0.773701359806291
"TCACTATCGTGCAATC-1",0.0402522947687804,0.0240542434824778,0.0226041807459898,0.00947968593999671,0.0332345073230013,0.0683646391568806,0.802010448582874
"TATGATTCTGCTTGGT-1",0.0241506130186156,0.0362785136633612,0.0172548215716934,0.0114081095992876,0.0617091511446869,0.109683264893821,0.739515526108534
"TAAGATTTAGCGGGAG-1",0.0394789700989443,0.028548807869547,0,0.0165048959699875,0.0526124818259734,0.0964990245188231,0.766355814353067
"TTACGGTGTCACCGAG-1",0.0572266738878992,0.0343852342068134,0.016406489199645,0.0214265043415932,0.0706837893117339,0.0535721394143824,0.746299169637933
"CTACACTAGCTTGTTC-1",0.0542922006222171,0.0466207811992868,0.00830628905147172,0.0191091865776023,0.0430434103703496,0.113745752544333,0.71488237963474
"TGAGCAGTCGTGAAGT-1",0.105026437399969,0.0442591523060202,0.0136285631224082,0.0380589399535158,0.0802054284385062,0.0693041487255425,0.649517330054038
"CGCTGAGGACGTCCAA-1",0.102630382353864,0.0436811142396176,0.0261356155840341,0.0565237071196912,0.0779071904165635,0.054580231275887,0.638541759010343
"GTGTATGACTTTAAAG-1",0.137386024222033,0.0336713067909261,0.0598649452408134,0.12726780342071,0.128997335026849,0.0256209550722021,0.487191630226467
"CTAAACGGGTGTAATC-1",0.0993426885798906,0.0466107406611436,0.0200147325606191,0.0667930883726666,0.0927755706519568,0.0777637932127358,0.596699385960988
"TGTACTGTGCCAAAGT-1",0.0707973420343407,0.0449281847967369,0.00726445270240747,0.0285194957059531,0.0658877440704642,0.0567564061575989,0.725846374532499
"GGCCACAAGCGATGGC-1",0.0678796179125007,0.0544415530003431,0.00703129194124507,0.0269407595144671,0.0587318429451726,0.0885270419333188,0.696447892752952
"GTCAATTGTACTGAAG-1",0.0822155576620797,0.0351803717688299,0,0.0102218148117268,0.0554920527383506,0.0565382714588478,0.760351928797526
"AGGGACAGCACGGCGG-1",0.0529092185784473,0.0563544153990544,0.0118963768803044,0.0169472368585371,0.0459372607925838,0.0995875883142973,0.716367903176776
"AGCTTATAGAGACCTG-1",0.0434316113911637,0.0297852691162944,0,0.00694957785771665,0.0704893451869509,0.0663474393963146,0.782996754317305
"AACTAGCGTATCGCAC-1",0.0523043264352586,0.0274611974614625,0.00602252511581949,0.00847262210160437,0.0305817848335245,0.0521511642442667,0.823006379808064
"AACTTTAGCTGCTGAG-1",0.0444594825503243,0.0129983323836988,0,0.0111543538532085,0.031173783249624,0.100603582133281,0.799610462142992
"CCCAAGACAGAGTATG-1",0.0328938681033054,0.0348795379855529,0.013067979118172,0.0213323095325476,0.0599034560871343,0.070929928081835,0.766992921091453
"GGCATCAACGAGCACG-1",0.0596491955749433,0.0490320898860648,0.00622864262711274,0.0206883105593161,0.0555577356456012,0.055533142302076,0.753310883404886
"ATGCATTCCGTGATGG-1",0.0333806169771522,0.0305523330433408,0.00941816917732863,0.01308740796485,0.0355996573016543,0.0650810704846028,0.812880745051071
"TTATAGATGCACATTA-1",0.052040890729542,0.0386660466028122,0,0.0125002827862922,0.0601368073092779,0.0736958567649529,0.762960057945302
"GAACCATCTGGGAGAC-1",0.0328692289272024,0.0240064598723471,0.00734252653035452,0.0115053719153869,0.0216122805833431,0.0905435803071978,0.812120551864168
"TGCTATACAAACGGAC-1",0.0333712774405782,0.0162728254949091,0.0187106727214479,0.00875025634084638,0.0231566610076748,0.0760513063064139,0.82368700068813
"ACTTGCCATATTGTAC-1",0.0241160379130592,0.0391758435513369,0.00342872243939285,0.00701497215513725,0.0256201669138268,0.0980033272534704,0.802640929773777
"TATTCCGGCAGTCCTA-1",0.0303198039951886,0.0182615107368989,0,0.0101591272213085,0.0439899440240099,0.0846209838881374,0.812648605841124
"GACGGACCGCGTTCCT-1",0.0260288417167139,0.0342214203576882,0,0.00727860397121089,0.026702902051348,0.0886966559606054,0.816709239306686
"ATGTGTAGTTTAGTCA-1",0.03683993391571,0,0,0.0102101153776232,0.0227568111348286,0.095506059191474,0.834663452832249
"ATACCAGCAAATTGCT-1",0.031425921869315,0.0165069223952481,0,0.0108745843330964,0.024696421017811,0.115513763318368,0.80098231221818
"AAGTTTACTAATGGCA-1",0.0280770789942895,0.0145094981553413,0.0117091369845723,0.00666161922340789,0.0360266353534344,0.0562275155213972,0.846788515767557
"CTCTCGATGTGCGCCT-1",0.03818711520197,0.0232368230425577,0,0.013842791383055,0.0330423799352238,0.0953737360872415,0.796317084027671
"GATTGACACTCTGCTC-1",0.0399892676398713,0.0354048988372901,0,0.0110974814873113,0.0597786161924712,0.126231772913615,0.727497937774279
"TATCACAGCACGGGCA-1",0.0567868608926155,0.0210554341779201,0.00693533861582969,0.0161761932147396,0.0364743709348307,0.149336825573686,0.713234976590379
"ACCGTTCCCGCTCTGA-1",0.0483468299565125,0.0386412867479225,0,0.0122312600883357,0.0493308152882117,0.14917425641004,0.702275548573912
"CCGCCACCACAATCCA-1",0.057768584832692,0.0451486628287917,0.0238604184788834,0.0173399437528911,0.050885196008172,0.125447133855943,0.679550060242627
"CATTCACTGACAGCTA-1",0.108735722281501,0.0527273516421386,0.035221488664787,0.0175806201285132,0.0575921988652765,0.0495256157517764,0.678617002666008
"CGGCTGCAAGATTAAG-1",0.256037461827283,0.131268522382541,0.119581593992884,0.0472153776810237,0.115572801329529,0.0428727265961817,0.287451516190558
"CATGAACCTCTTATCA-1",0.194481820904965,0.230632009389902,0.0779026832426292,0.0453648708376884,0.107177678922745,0.0562370034901995,0.288203933211871
"TTAATGCGAGGTAACT-1",0.199710247309139,0.166637121628618,0.0458812662160371,0.0202767614373712,0.10046997046903,0.0828752328066185,0.384149400133187
"AATAAGTCCTCGAGAC-1",0.118190875972212,0.0634278114265323,0.0264617909837819,0.0230170984597013,0.0663942014473027,0.0822853828863149,0.620222838824155
"ACCAGCCCGGTCTTTG-1",0.089198573131516,0.0419890999076433,0.0222402049671818,0.0151402836535026,0.0464391172409703,0.134376685702046,0.65061603539714
"CTACGAACTAGGTCGA-1",0.0693320499358962,0.0456725579530009,0.00330178172084715,0.010952241706616,0.0347299892326373,0.143950261591953,0.69206111785905
"ACATCTCAACGCGTAA-1",0.0539502586458257,0.0303465466734047,0,0.00726820401897264,0.0524445948699749,0.135500510001637,0.720489867762301
"CACTACTCAGTTCTGT-1",0.0356056187805975,0.015703832448495,0,0.00957866189418395,0.0329951326289697,0.152662115507854,0.753449209942295
"CCGACTCGCATAGTCT-1",0.0569533193508418,0.0207703657702629,0.0129327419001767,0.00666570370503438,0.036925105343125,0.132785777680477,0.732966986250083
"CATTTATCGTTCAAGA-1",0.0390759711871979,0.0218417569211411,0,0.00475852582921161,0.0353954460104554,0.12624668812281,0.772681564487323
"CAAACGTGGTCTTGCG-1",0.0385438143406972,0.0430049942015384,0,0.00770246272493276,0.0342807685291803,0.137148646355641,0.739319310558445
"TAGAAACCACTAAGTA-1",0.0455460157358118,0.0322125335373011,0.00507801115353696,0.00420410585660287,0.0346308657149011,0.061845132884911,0.816483335116935
"ACTGATTTAGTGATTC-1",0.038978906729558,0.0240152731254991,0,0.0054597202355163,0.0391923909155551,0.0796311955365051,0.81272250743923
"TCGTATTTCGTCCGGA-1",0.0502988413067208,0,0.00718952103720909,0.00215647822413059,0.0232290160882973,0.0497767571479439,0.867349360947065
"CGGAAATTTCACATCC-1",0.0364217571991169,0.019932450312069,0,0.00335670768804993,0.0317233161183774,0.116751019596394,0.791814746051183
"ATCCACGCTAAATGTT-1",0.0362102230554334,0.0387918422114751,0,0.002147626316313,0.0249067151097126,0.0518398927972627,0.84610368507749
"GTTCAATCTATGTCAA-1",0.0320968994291243,0.004039013888059,0,0.00322767725536524,0.0849143868901348,0.0807369474724961,0.794985057295365
"ATAAAGGTCAAGTACG-1",0.0443615946552853,0.0540611783876408,0,0.00190737053215051,0.0352016471194272,0.0213602293286514,0.843107955546883
"CAACTCCAACGTTTAG-1",0.0623284470214167,0,0,0.00173168118009078,0.0190425637744891,0.060439527047346,0.855763782115387
"TAGGAACAGCCTCCAG-1",0.0156488517323996,0.0420523913779709,0.0104131096929615,0.00357944631211373,0.0170576310068995,0.0285571194756337,0.882691450402021
"GGGTACACTCTGGAGG-1",0.0568684759033332,0.0530547585317586,0,0.00889513284531229,0.0495384724450831,0.244818729865787,0.586824301284322
"TAGCCAGAGGGTCCGG-1",0.0395613771322523,0.0441218384369876,0,0.00352350709609426,0.0488501637532699,0.119589904317075,0.744353188319432
"CTTGTGAGGACAGCGG-1",0.0241438967530714,0.0301530070077501,0.0131677222096423,0.00395335809860325,0.0233173243199606,0.177189115798834,0.728075575812138
"GAAGGGCATAACCATG-1",0.0384326786804597,0.049123412479716,0,0.00593571466336965,0.0151008729303198,0.114441321889669,0.776965996291441
"CAACATGGCCTGATAA-1",0.0194854301928946,0.041347498864597,0,0.00671976055949589,0.0311728821378064,0.162631155554713,0.738643269757458
"CAATTTGACCGGGAAG-1",0.0384237556855189,0.0268134638363009,0.00126593971335161,0.0088324282237514,0.052262574647346,0.117137475220725,0.755264362673007
"TCTGACTGTAATGGTT-1",0.045472496751779,0.0214489469959269,0.00517097281067564,0.00727669698152438,0.0275525746210491,0.165217545899313,0.727860765939732
"TTCATAGCCTTGTAAC-1",0.0265360260634556,0.032305479484354,0.031109582823701,0.00701695695488713,0.0542871120920764,0.102676702981127,0.746068139600399
"TGGAAACGGAGTGAAC-1",0.0437755694670809,0.0643842769605339,0.0163179547070855,0.00778617466982964,0.0376794300400006,0.0944787198756098,0.73557787427986
"ATCGCACGATTGTTCA-1",0.0295944370651955,0.0508354093203354,0,0.00709076668673101,0.0416052689698823,0.13555693319046,0.735317166345476
"CGCCACCCGCATTAAC-1",0.0562013084158378,0.132652020785038,0,0.0117753583413173,0.051161959923845,0.142491567762555,0.605717592962719
"TGGACCACGGCGTTGA-1",0.0264800121928528,0.0464163451556052,0.00295409503017216,0.0154996675039754,0.0493183995880744,0.131798410425776,0.727533070103544
"GTATATGTTACGGCGG-1",0.0723976109787223,0.0381933398769877,0.0406389565636574,0.0182046507271589,0.0612393181322166,0.136215869191083,0.633110254530174
"GTATTCTTACCGTGCT-1",0.0523409569434837,0.0504634342296435,0.0345509131897051,0.0399730682456206,0.0703101656802438,0.124114351497129,0.628247110214174
"TTCAGAGTAACCTGAC-1",0.0812759840108362,0.0468627484269616,0.0226983907455036,0.0343219431944485,0.112523354045302,0.0987191980740343,0.603598381502914
"GCGGTAACCCAAATGA-1",0.0412568564231902,0.0561711136478247,0.0235653475110977,0.0342164155242488,0.184266395692581,0.103752302119763,0.556771569081295
"CTACGTGTTGCCACCA-1",0.0949745523333305,0.0574947571158707,0.0144467919673403,0.0379076242125305,0.105020413490022,0.12068013586304,0.569475725017866
"CTAGATAAACTCCTCG-1",0.0202636877237555,0.0707338431040124,0.00778406949989299,0.0305414769345507,0.0968302229422797,0.0856502759307704,0.688196423864738
"TCCATTAGTTGGATAG-1",0.0932913438111208,0.0615376516677215,0.0438135968182863,0.0245324835059091,0.089675891023293,0.0827131001373701,0.604435933036299
"CTGGCTCCTGCGGGAT-1",0.0536809846854001,0.0468174325670006,0.00754523462219461,0.0275049136173014,0.0651727871215773,0.0977597504332605,0.701518896953265
"CAGTCTCTCGGCTAAT-1",0.0638425552135067,0.0588781551102405,0.0111325417604355,0.00818412379730573,0.0448188701311577,0.069520704578629,0.743623049408725
"GTATGACGTGGGAAAC-1",0.0665109496000161,0.0417679069050421,0,0.0277657444774626,0.0693723469715052,0.0595637384920364,0.735019289640867
"AGTCACTCCGCCTCAT-1",0.0371540522589039,0.04916741403606,0.0247480905032679,0.0111497435233273,0.028215322973922,0.115735031769361,0.733830344935158
"GCAGCGGTGGGCATTA-1",0.0601065743751502,0.0313182146515928,0.0475128188360934,0.0231655113615866,0.0775244670731557,0.0534914930261782,0.706880920676243
"TATGGAGTTTCTCGTT-1",0.0580112868852233,0.0427958281013217,0,0.00801436001530805,0.0254659531449296,0.0585161963860919,0.807196372359363
"ACTCAACGAATGTATT-1",0.0736556426892855,0.0548339517004112,0.0544971637986482,0.0227118331567832,0.0865649271300452,0.0491362855466457,0.658600195978181
"AACACGCGGCCGCGAA-1",0.0515803086374238,0.0245717817224082,0.0215210991940212,0.0153348062871775,0.0603688113101097,0.0739546816225281,0.752668511226332
"CGATATTAGCCGCAGG-1",0.0922277301980362,0.0525862874486821,0.113666903874236,0.0219168055902885,0.0981899498425718,0.0252140364596209,0.596198286586565
"AGCGTCTGAACCCGCA-1",0.064519409602759,0.0352601241500252,0.0461985742282344,0.024410947892514,0.114558537751254,0.0654974141296562,0.649554992245557
"GATGTCCGGATCACAT-1",0.116451015449228,0.0346501745942491,0.263013288194084,0.0899433566287931,0.18316535289243,0.0010793251464316,0.311697487094783
"GGTCACGTTAGATTCA-1",0.107641451427445,0.0224788341891499,0.0437428547560301,0.0350046791853029,0.0799901257593099,0.0251080558267182,0.686033998856044
"TTAAGGATACGGAGGT-1",0.1602424218441,0.0981060571885727,0.117786819716077,0.102749057000584,0.136120873507391,0.036350512949703,0.348644257793573
"GTGCGGGACCATCGGC-1",0.145656177115688,0.0661225437057274,0.0609164202103024,0.0477905274246004,0.102297545378639,0.0375882151166576,0.539628571048385
"CCATCTTGTTCACAAT-1",0.0910497647665713,0.0768735029416865,0.0233781388299084,0.0366312430220219,0.0759132148434184,0.0405451910616814,0.655608944534712
"TCCGAGAAGGCTAAGC-1",0.074947347074185,0.0504618641280922,0.0296214778169735,0.0329339678209518,0.0915210061470819,0.108303357492647,0.612210979520069
"TGGCGGTGTGCGATTG-1",0.0894808530225958,0.0455970386603428,0.0253148845620348,0.0161211002833275,0.120762050233333,0.0476343405020933,0.655089732736273
"ATCCTGCTGCAGATAG-1",0.0818249598684553,0.0240809335954137,0.0089622520648739,0.0154024474279226,0.106357988448394,0.0464452917103445,0.716926126884596
"TTATGCGTCCCGGTCC-1",0.0833444356732873,0.0435012258471506,0.00929043082425783,0.00633460299117231,0.140792634284812,0.0155454647669878,0.701191205612332
"CATAATGAGCGGGCGA-1",0.0734998577675299,0.0235953967081336,0.00610770201982504,0.0101179320093689,0.0594112620141227,0.0347730912634458,0.792494758217574
"AGACATAGATCCTTCC-1",0.039801278925365,0.0284066367854759,0.0218508036114244,0.0102452486512452,0.0606684978992299,0.0406358935289929,0.798391640598267
"GGTGAAACCGGGAATG-1",0.0528178531833626,0.0468239078887996,0,0.00602570991871381,0.0716065421804125,0.0382559230113486,0.784469941619543
"AACTGGTGTGGGCCTT-1",0.0202448186033025,0.0298302614367705,0.0106354891649915,0.0069452600605953,0.0574130915458729,0.0800469255292117,0.794884153659256
"GTAGCGCTGTTGTAGT-1",0.0499161076405542,0.0153341714613751,0.01316549649462,0.0110091841389737,0.0600022331101342,0.0792723555090472,0.771300451645296
"TTGTTTGTGTAAATTC-1",0.056843088265478,0.0446891742768734,0.0100037136850016,0.0109405296610832,0.0554146599922677,0.128217632735476,0.69389120138382
"GGATCAAAGGACGAGG-1",0.0450850444863886,0.0128327781556593,0.0148915981853046,0.0158649583720274,0.0418576768752998,0.0915364625763345,0.777931481348986
"CGTAGCGCCGACGTTG-1",0.046203033712527,0.0268213205959797,0.0345946160483058,0.00812136192273676,0.0279666317903469,0.0362716710841628,0.820021364845941
"CAAGTGAACTTTGGTT-1",0.0354553489977946,0.0373538638300918,0,0.0122449913238971,0.0466749699139265,0.0933575243226183,0.774909080149474
"GTAGACAACCGATGAA-1",0.0580974340372403,0.0256240583231597,0.00493155400569602,0.00776001752868586,0.0424070023119772,0.0975452364730982,0.763634697320143
"CAATGGTCGGCCTGGG-1",0.030861950631557,0.0235761057951271,0.00256495460930698,0.0236210404222944,0.0473781148846479,0.097837488237311,0.774160345419756
"ACAGATTAGGTTAGTG-1",0.029826454761004,0.0249744603628605,0.0152507423342291,0.00700804116676473,0.0281568625331526,0.11905927048545,0.775724168356539
"GTTATCACCTTCTGAA-1",0.0470393188193575,0.0487200260649985,0,0.00907457516305088,0.0654515546325377,0.0545470674713147,0.775167454960943
"TGGTATCGGTCTGTAT-1",0.0403597037056779,0.0306464674502864,0.0134135212950897,0.0131417569643439,0.0265068828335397,0.132084985913771,0.743846681837292
"GGAATAACCTCAAGAA-1",0.0369449267487081,0.0306248963484616,0,0.00858858967560951,0.0318649160881031,0.0799111420326602,0.812060682588211
"ATTATCTCGACAGATC-1",0.0110977400382798,0.0359119764411471,0.00927501126467719,0.00880155521149849,0.043613994430979,0.0874159227722115,0.803883799841207
"CCGAGGGATGTTAGGC-1",0.0494997309361336,0.0138368248471344,0,0.00738773982412665,0.0379024008318333,0.06849108329347,0.822877980615787
"TGAGATCAAATACTCA-1",0.0296805695140782,0.0452443607876925,0,0.00879021323010704,0.0381383140738997,0.12243779781602,0.755708741462895
"AAACGAAGAACATACC-1",0.0526715660678128,0.0497941329853433,0.0019260122017598,0.0151932861056047,0.047325416902451,0.134799015805598,0.69829056993143
"CTGGTCCTAACTTGGC-1",0.05021509210285,0.0343851550266083,0.00176916883420943,0.0115416535584462,0.0424955820046063,0.134645343660368,0.724948004812911
"TGCACGAGTCGGCAGC-1",0.100250604067294,0.0537511050291962,0.0122205343072667,0.014107859336587,0.0533080412253762,0.0723014391092882,0.694060416924991
"ATAGTCTTTGACGTGC-1",0.0415468195860125,0.0576676530181372,0.0119295574576233,0.0187945850753606,0.0444754389532778,0.0540804288469623,0.771505517062626
"TGGAGCTAAAGTTCCC-1",0.189163059894742,0.0874423388441566,0.108885313356549,0.0932948135335676,0.121331819026849,0.0194565914177192,0.380426063926416
"GGGTGGTCCAGCCTGT-1",0.155038003210568,0.0689021985035857,0.0376544683182797,0.055586328493418,0.156667172182051,0.0561716071271003,0.469980222164998
"CATGCATGGAGACCCT-1",0.107002557843311,0.047077788640255,0.0260966274310187,0.0698893458024751,0.0505623570641748,0.0629651616029925,0.636406161615773
"ACACGGCACTATGCAT-1",0.0488675933284303,0.0346572436505608,0.00134678615911039,0.0151322004725611,0.0682157639084883,0.122766866453586,0.709013546027263
"CCCTGGTATGGGCGGC-1",0.0721685814780915,0.0324343702037463,0.0193050374531756,0.0204258393204622,0.0389041690434913,0.132748732885554,0.684013269615479
"GGAGGATTGAAAGGAG-1",0.0419110002788088,0.0254816635561617,0,0.0151813459650715,0.0398894014913846,0.127987402577308,0.74954917701219
"CCGCTGGTGCCATTCA-1",0.0357004350277249,0.0150150261483366,0.00525205358746431,0.0112772208654632,0.0373625078196642,0.147472877024366,0.74791987952698
"GTTAGAGTGTGCCGCT-1",0.0307186155543983,0.00997741403519015,0.0164579165111681,0.0079952951770167,0.0411841976464871,0.108605031208948,0.785061529866792
"TCGGAATGACCATCAA-1",0.0430926770011589,0.0259761694710502,0.00942206857745021,0.00618281920293562,0.0340716086321149,0.086935724493069,0.794318932622221
"TTCAATTAGCCATAAT-1",0.0125921094507011,0.0325755869779839,0,0.00591325850200053,0.0256652474842741,0.0949603835425892,0.82733734283334
"GATGTGTTGTCACAAG-1",0.0301796115825287,0.0178184257636219,0.00648668876071212,0.00331724609484571,0.0278459872307201,0.0907076207181136,0.823644419849458
"TCTTTCTCTTAAGGAG-1",0.0410188080159087,0.00921763289547583,0.0174410442346442,0.00638591942345724,0.04563488882017,0.0722863599143863,0.808015346695958
"ACCCTTTAGTTCTCCA-1",0.0488110068081954,0.0125737640525381,0,0.00614457403731731,0.0276631829323577,0.0440355358097607,0.860771861576732
"ACCACAACTCAGAACA-1",0.0557037916801242,0.0313866295452996,0.0110753345272317,0.00169591266926193,0.0432064237661286,0.0758187873896152,0.781113120422339
"TATGATAAATCTAACG-1",0.0416145251049431,0.0184966722612521,0.00922315699218554,0.0046198329528665,0.081967646994085,0.070444386709272,0.773633778985396
"GATCCTCTTGCGCTTA-1",0.0243964886287915,0.041956553003464,0,0.00391509446592367,0.0362838171204831,0.0423342670938685,0.85108711705087
"TTCTACCTTTATGTTG-1",0.0317906939166581,0.0292248292253095,0.00374378473090667,0.00309648544687207,0.056607418534823,0.0293727541412687,0.846164034004162
"GAAATACCTGCTGGCT-1",0.0187138906246756,0.0609766113211213,0,0.00228391804373128,0.0378006100026442,0,0.88020201863036
"ATTCTGAGTATGAACT-1",0.0227878167181581,0.0229180173494247,0.00690392010202844,0.00146850832759948,0.0454093698467888,0.0611186719613084,0.839393695694692
"ACACATTGACGCAACA-1",0.077455517950613,0.035359591390107,0,0.00852687815244218,0.0469155433631264,0.190060992706616,0.641681343130314
"GATATCAGTATGTATC-1",0.0192401362957538,0.0272824686095052,0,0.00775353094481629,0.0265027692868921,0.0800260746502816,0.839171970227809
"TGGGCCTTGCCTGCAT-1",0.0274278825117949,0.0284414988783717,0.011001328668035,0.0048559113555457,0.0348403819768897,0.0824157114729633,0.8110172851364
"CAAAGTCAGGTTAGCT-1",0.0485313300945173,0.0120054834345989,0.00950966130088144,0.00783785510423257,0.0581535090392442,0.102571878535674,0.761390282490851
"GGATCCCTACCAGCTA-1",0.0514223941260046,0.0139810053025703,0.029782891268747,0.0089203396963788,0.0400721099096313,0.129274816795634,0.726546442901034
"ATCGTCCAATCGAGTC-1",0.0234202508421733,0.0336922429217629,0.00232889382239662,0.00741184465368235,0.0487200872149788,0.111723860400398,0.772702820144608
"ACATGGCTCAATTTAG-1",0.0505159366923221,0.0140636942226827,0.00473853066830405,0.00959158926330644,0.0370018198237929,0.0773921789412607,0.806696250388331
"AGGCCCAGTGACTGGT-1",0.0337527631589828,0.0390135384092374,0,0.00743228687338712,0.0430015918220018,0.0640032445563053,0.81279644386822
"GCTTCCAGCTTAGATT-1",0.0451689160783423,0.0472530659552498,0.00654057634317356,0.0103073206407911,0.0406736183945532,0.116332312194322,0.733724190393568
"TGCTTGAAACCATGCA-1",0.042375033622622,0.0600900029603285,0,0.0140223414530154,0.048947069762393,0.171584800985664,0.662980703189795
"CAATATTGGACTAGTG-1",0.0642195151186196,0.0383890178094295,0.0107526847964286,0.00755517803057613,0.0392708023627885,0.0881333808958346,0.751679420986323
"CGTGCTGGCCTAGTCG-1",0.0541296199529986,0.0517362024141274,0.00259857398528691,0.0121718228403138,0.0443658009753948,0.175507957412567,0.659490022419312
"CCTGCGATAGAACTGT-1",0.0403290206920535,0.0627356465463955,0.0212899315233685,0.0117953924354673,0.0588821356713253,0.118755512707212,0.686212360424178
"GGGTAATGCTGTGTTT-1",0.0567051513634405,0.0644909539336975,0.018594540649871,0.0107673837339659,0.0629044527799573,0.0855754213234383,0.700962096215629
"AACGCGAACGGCAACA-1",0.0673086792772974,0.0483774583550179,0.0352457478751376,0.0236001855478853,0.0500699813980647,0.104153982544688,0.671243965001909
"TGTCGGCATGGTGGAA-1",0.0268620673376327,0.0569570496642324,0.0496064176469393,0.00350595152602554,0.0238667680118506,0.064324383276238,0.774877362537081
"AGCGTACGAGAGCTAG-1",0.0452875578059145,0.0540998726107777,0.00691459678548527,0.00945777470597497,0.0365225743076112,0.0617804414077913,0.785937182376445
"ATACTCTCGCCACTCT-1",0.0300676305748167,0.057655415915455,0.0105805857879383,0.005899245114347,0.031354241963557,0.0839636095494716,0.780479271094415
"AATCCATGCAAGGGTG-1",0.0292218498199789,0.0700301534071108,0,0.0369128144862458,0.0505047520804657,0.0437647554957516,0.769562246605321
"TTAAACAGAGTCCCGC-1",0.0357328049969855,0.0594917250278864,0.0134588947371755,0.0121164894945814,0.0279339247993225,0.0676821484537771,0.783584012490272
"CCACAGCTGAAATCAT-1",0.0261794357610058,0.045812421053724,0.0174284447711556,0.0111987258970103,0.0441888918168486,0.0869078263477077,0.768284254352548
"CGGTTCCGGCTTCTTG-1",0.0370589081792844,0.0713741744907015,0.0128927952909853,0.00838587791246734,0.0240806030902765,0.0634765241911841,0.782731116845101
"GACGTGAGACTCCATG-1",0.0424028042050242,0.0488786022736902,0.0246819836840913,0.0122037741507904,0.0854434883910736,0.0654233167643545,0.720966030530976
"TCGTTGGCTCGTCAAT-1",0.0366757527273998,0.0570702314670415,0.00284001609507782,0.00801996203670013,0.0373616402060612,0.087342867207945,0.770689530259775
"GGTGAACGGGCTAGCC-1",0.0606231329025249,0.0527225023970111,0.00795028826645407,0.0221758905330812,0.0824455656018983,0.0583278317433016,0.715754788555729
"GCACTGTGCAAATGTA-1",0.0482343789561963,0.0558508415384243,0.0129372222271615,0.00959273508575934,0.0627627625364326,0.0703575722148416,0.740264487441184
"ACGAGAACCCATCACG-1",0.140706358615667,0.0290771941471704,0.10284155882173,0.0443675980184911,0.182552110868024,0.0311336716880598,0.469321507840858
"CCAGCTACGCCTCATA-1",0.0843716936208906,0.0564684140329861,0.0555864954233018,0.0147716025516201,0.126158098879933,0.0166613485936282,0.645982346897641
"TCCCGGTCAGGAATTT-1",0.156951929965804,0.0608191897936629,0.286625908083846,0.103173731834993,0.185481168733632,0.0154538130469473,0.191494258541115
"TCGCATTCAATGACTT-1",0.13850298359104,0.0994491221801802,0.0655315775871923,0.0284535875967957,0.278525950705933,0.0170506572660581,0.372486121072801
"CTGGTTCAACGCATCA-1",0.155201539047326,0.0525561745203042,0.123279849088435,0.045421993297275,0.262024831983351,0.0521030053783944,0.309412606684914
"GGTGATTTCATCTTGT-1",0.123073398426632,0.0831648091739415,0.0834474740078681,0.0249906020678448,0.126756709699692,0.0746568655040003,0.483910141120021
"CACCCTTTCCTCGCTC-1",0.122143566854207,0.0438500798114324,0.0564474312086586,0.0653422952665868,0.112314038043464,0.079926263910022,0.519976324905629
"CAACTTGTAGTGGGCA-1",0.0819809222978665,0.0317603098664608,0.0629568138450724,0.0171792775462586,0.0788150913491941,0.122082971330895,0.605224613764252
"AATATCAAGGTCGGAT-1",0.0798818306268366,0.0422565727202936,0.0455240363196813,0.021161305226327,0.084735240727874,0.0776244642853487,0.648816550093639
"ACTCAGACCTGCTTCT-1",0.058060013978849,0.0442094652439074,0.0568794607389446,0.0104965284309563,0.0513718246795071,0.109374133702898,0.669608573224938
"TTGGAGTCTCCCTTCT-1",0.104548415511767,0.0463853540112701,0.0434694747160233,0.0060826084622152,0.0498328429558947,0.0767410332200541,0.672940271122775
"GGATACTCATGAATTG-1",0.0431966768049208,0.0587980430969182,0.0080650387353713,0.00820072540756988,0.0560954701564638,0.181078523674443,0.644565522124313
"TGGGCACAAACAGAAC-1",0.0602407803983002,0.034014519888449,0.0236582919580595,0.00950748225048178,0.0854484191489787,0.109734630989545,0.677395875366186
"GAGCCACGGTAGTAGG-1",0.0688892979135939,0.0634563740708767,0.0137647636556387,0.00555781567949084,0.0685375975072787,0.101217713372296,0.678576437800825
"TCGATAGGCTAGTCGC-1",0.040273913219845,0.0247486586963411,0.0200077106161283,0.00795151904473434,0.0504739624289249,0.0448957929391796,0.811648443054847
"TAACCGCCCGCAGTGC-1",0.103924598097828,0.0678191615738356,0.0233930540190116,0.00776991933467379,0.07173599817727,0.0905447142037803,0.634812554593601
"GCCTATTTGCTACACA-1",0.0411209797254525,0.0335719842666539,0.00805785209232278,0.00535083054791406,0.0421337412397003,0.0254016555095576,0.844362956618399
"TTGACGATTCAGCACG-1",0.0366130427111603,0.0171805501635474,0.0151198390843184,0.00704839329466407,0.0380315700339272,0.0321892797634733,0.853817324948909
"TTAAACCGGTAGCGAC-1",0.0445132257485132,0.0219596199792848,0.00921810715084266,0.0108111213994476,0.0518954107860324,0.0908431756836538,0.770759339252226
"ACCGAAAGGGCCCTGC-1",0.0489283920748247,0.0367557964459986,0.00628998761722746,0.004996895584408,0.0391012833300084,0.0906339660906724,0.77329367885686
"ACGTTCCGCGCTCCGT-1",0.0319489447961414,0.00954645106606434,0.017110854815978,0.00510344960510614,0.0199068770526659,0.0676711328033217,0.848712289860723
"ATACCAGGCTAATAGA-1",0.0811086310841581,0.0317210852733092,0,0.00503471552044693,0.0356404986206788,0.0546847715548961,0.791804686996775
"CGGCTTTGTATGATAA-1",0.0344719901765995,0.0314508212278442,0,0.00584576246888891,0.0315142455404137,0.111550604609969,0.785164945545976
"CTTGACCCGAAAGATA-1",0.0480380809068713,0.0438976031977703,0,0.00520824665389008,0.0523455716404661,0.0802382742181889,0.770272206485271
"CGCAGAAACATTTGCG-1",0.0189220910133026,0.0392006068093183,0.0166540454634829,0.0127981022840811,0.033856805503333,0.0971016141825521,0.78146673474393
"GACCCGTCGCCGGCTA-1",0.0464658472142391,0.0158069645039387,0,0.0104781629683812,0.0555670246712598,0.083213514358433,0.788468448100246
"AATCGGGACACTACGA-1",0.0403054083517299,0.0264408037685643,0.00655618662620711,0.00750570334100872,0.032793069090276,0.123045526444277,0.763353302377937
"GTCACAAAGTTTCCAA-1",0.031023947654274,0.0243026633479484,0.0112751521548519,0.0102361149713685,0.0274968541540891,0.0949306460695676,0.800734621647901
"TATATTCGCGTCGATA-1",0.0583984162981083,0.0476664852099785,0,0.00693994332646038,0.0299775140316836,0.115112725454256,0.741904912537085
"CCTCCCGACAATCCCT-1",0.0610906149701273,0.0219209679073143,0,0.0107450065843474,0.0259931243306412,0.135636400215501,0.744612368646146
"CGACATGCGATCTTCT-1",0.0484618999859053,0.0272764452671038,0,0.0119326147905018,0.0442984668057132,0.149465396370429,0.718562295799313
"AACACGACTGTACTGA-1",0.0437319785969753,0.0305443494900892,0.0200808704280779,0.00908866336646219,0.0219948890710373,0.0923144603764221,0.782244788670936
"CCCAACCACACTAACA-1",0.0582511372754709,0.0551691163961751,0.00100881379196583,0.0120573294009743,0.0775201697094807,0.0922751351985055,0.703718298227428
"CACCGCCGACCAGCGA-1",0.0796437231308619,0.0769450127565336,0.0152844384160362,0.00808752125553609,0.0924251092593743,0.0911858164537712,0.636428378727887
"TGGTATCGCATCCCAA-1",0.133311915971656,0.073068998566244,0.0413282577283935,0.0370545548356259,0.107904330024927,0.0334364875398414,0.573895455333313
"CAGAGTGATTTAACGT-1",0.21983509854968,0.179869600215037,0.0374866290566735,0.00758738954989846,0.0619484168174901,0.0581886689183691,0.435084196892852
"AACCCTGGTGGAACCA-1",0.098628747361356,0.077921459372375,0.0377074624804552,0.0279919575119645,0.045140080154079,0.0598045620908633,0.652805731028907
"GTCAGTTGTGCTCGTT-1",0.0466506493279099,0.0451763522782759,0.0151124146690816,0.00968156980330641,0.0235163912448781,0.010992255985588,0.84887036669096
"ATTGACGTAACTCGGT-1",0.0463407180500537,0.00922088425710783,0.0189559772586624,0.0113568500621821,0.042608688476719,0.126691122461334,0.744825759433941
"GATGTCGGTCAACTGC-1",0.0314284912610322,0.0348543860728917,0,0.0749880163035937,0.040315422853396,0.104681687050805,0.713731854290051
